destinations_count;cost;execution_time;sequence
4;43006;0.00001645088195800781;(1, 2, 3)
4;43006;0.00001335144042968750;(1, 2, 3)
4;43006;0.00001263618469238281;(1, 2, 3)
4;43006;0.00001192092895507812;(1, 2, 3)
4;43006;0.00001168251037597656;(1, 2, 3)
4;43006;0.00001263618469238281;(1, 2, 3)
4;43006;0.00001382827758789062;(1, 2, 3)
4;43006;0.00003123283386230469;(1, 2, 3)
4;43006;0.00001215934753417969;(1, 2, 3)
4;43006;0.00001192092895507812;(1, 2, 3)
4;43006;0.00001168251037597656;(1, 2, 3)
4;43006;0.00001215934753417969;(1, 2, 3)
4;43006;0.00001192092895507812;(1, 2, 3)
4;43006;0.00001168251037597656;(1, 2, 3)
4;43006;0.00001454353332519531;(1, 2, 3)
4;43006;0.00001239776611328125;(1, 2, 3)
4;43006;0.00001311302185058594;(1, 2, 3)
4;43006;0.00001430511474609375;(1, 2, 3)
4;43006;0.00001192092895507812;(1, 2, 3)
4;43006;0.00001335144042968750;(1, 2, 3)
5;43674;0.00003194808959960938;(1, 4, 2, 3)
5;43674;0.00003123283386230469;(1, 4, 2, 3)
5;43674;0.00003051757812500000;(1, 4, 2, 3)
5;43674;0.00003004074096679688;(1, 4, 2, 3)
5;43674;0.00003886222839355469;(1, 4, 2, 3)
5;43674;0.00003027915954589844;(1, 4, 2, 3)
5;43674;0.00003027915954589844;(1, 4, 2, 3)
5;43674;0.00002956390380859375;(1, 4, 2, 3)
5;43674;0.00002932548522949219;(1, 4, 2, 3)
5;43674;0.00003600120544433594;(1, 4, 2, 3)
5;43674;0.00004649162292480469;(1, 4, 2, 3)
5;43674;0.00004148483276367188;(1, 4, 2, 3)
5;43674;0.00004649162292480469;(1, 4, 2, 3)
5;43674;0.00003194808959960938;(1, 4, 2, 3)
5;43674;0.00003552436828613281;(1, 4, 2, 3)
5;43674;0.00004196166992187500;(1, 4, 2, 3)
5;43674;0.00003504753112792969;(1, 4, 2, 3)
5;43674;0.00003027915954589844;(1, 4, 2, 3)
5;43674;0.00003004074096679688;(1, 4, 2, 3)
5;43674;0.00003314018249511719;(1, 4, 2, 3)
6;44858;0.00013709068298339844;(1, 5, 4, 2, 3)
6;44858;0.00015783309936523438;(1, 5, 4, 2, 3)
6;44858;0.00014114379882812500;(1, 5, 4, 2, 3)
6;44858;0.00019478797912597656;(1, 5, 4, 2, 3)
6;44858;0.00013923645019531250;(1, 5, 4, 2, 3)
6;44858;0.00017166137695312500;(1, 5, 4, 2, 3)
6;44858;0.00014448165893554688;(1, 5, 4, 2, 3)
6;44858;0.00015044212341308594;(1, 5, 4, 2, 3)
6;44858;0.00013518333435058594;(1, 5, 4, 2, 3)
6;44858;0.00014662742614746094;(1, 5, 4, 2, 3)
6;44858;0.00013875961303710938;(1, 5, 4, 2, 3)
6;44858;0.00019049644470214844;(1, 5, 4, 2, 3)
6;44858;0.00015401840209960938;(1, 5, 4, 2, 3)
6;44858;0.00025629997253417969;(1, 5, 4, 2, 3)
6;44858;0.00013780593872070312;(1, 5, 4, 2, 3)
6;44858;0.00013566017150878906;(1, 5, 4, 2, 3)
6;44858;0.00014090538024902344;(1, 5, 4, 2, 3)
6;44858;0.00016784667968750000;(1, 5, 4, 2, 3)
6;44858;0.00015807151794433594;(1, 5, 4, 2, 3)
6;44858;0.00013971328735351562;(1, 5, 4, 2, 3)
7;44365;0.00107717514038085938;(1, 6, 5, 4, 2, 3)
7;44365;0.00091886520385742188;(1, 6, 5, 4, 2, 3)
7;44365;0.00091195106506347656;(1, 6, 5, 4, 2, 3)
7;44365;0.00095224380493164062;(1, 6, 5, 4, 2, 3)
7;44365;0.00098466873168945312;(1, 6, 5, 4, 2, 3)
7;44365;0.00099015235900878906;(1, 6, 5, 4, 2, 3)
7;44365;0.00091934204101562500;(1, 6, 5, 4, 2, 3)
7;44365;0.00093626976013183594;(1, 6, 5, 4, 2, 3)
7;44365;0.00087451934814453125;(1, 6, 5, 4, 2, 3)
7;44365;0.00085830688476562500;(1, 6, 5, 4, 2, 3)
7;44365;0.00117993354797363281;(1, 6, 5, 4, 2, 3)
7;44365;0.00089311599731445312;(1, 6, 5, 4, 2, 3)
7;44365;0.00168704986572265625;(1, 6, 5, 4, 2, 3)
7;44365;0.00089120864868164062;(1, 6, 5, 4, 2, 3)
7;44365;0.00105929374694824219;(1, 6, 5, 4, 2, 3)
7;44365;0.00109100341796875000;(1, 6, 5, 4, 2, 3)
7;44365;0.00101733207702636719;(1, 6, 5, 4, 2, 3)
7;44365;0.00103855133056640625;(1, 6, 5, 4, 2, 3)
7;44365;0.00097155570983886719;(1, 6, 5, 4, 2, 3)
7;44365;0.00101375579833984375;(1, 6, 5, 4, 2, 3)
8;45879;0.00724244117736816406;(1, 6, 5, 7, 4, 2, 3)
8;45879;0.00821518898010253906;(1, 6, 5, 7, 4, 2, 3)
8;45879;0.00736641883850097656;(1, 6, 5, 7, 4, 2, 3)
8;45879;0.00746607780456542969;(1, 6, 5, 7, 4, 2, 3)
8;45879;0.00769162178039550781;(1, 6, 5, 7, 4, 2, 3)
8;45879;0.00746464729309082031;(1, 6, 5, 7, 4, 2, 3)
8;45879;0.00749373435974121094;(1, 6, 5, 7, 4, 2, 3)
8;45879;0.00773930549621582031;(1, 6, 5, 7, 4, 2, 3)
8;45879;0.00734233856201171875;(1, 6, 5, 7, 4, 2, 3)
8;45879;0.00749778747558593750;(1, 6, 5, 7, 4, 2, 3)
8;45879;0.00784850120544433594;(1, 6, 5, 7, 4, 2, 3)
8;45879;0.00825333595275878906;(1, 6, 5, 7, 4, 2, 3)
8;45879;0.00871372222900390625;(1, 6, 5, 7, 4, 2, 3)
8;45879;0.00740051269531250000;(1, 6, 5, 7, 4, 2, 3)
8;45879;0.00761914253234863281;(1, 6, 5, 7, 4, 2, 3)
8;45879;0.00714874267578125000;(1, 6, 5, 7, 4, 2, 3)
8;45879;0.00788593292236328125;(1, 6, 5, 7, 4, 2, 3)
8;45879;0.00720167160034179688;(1, 6, 5, 7, 4, 2, 3)
8;45879;0.00757241249084472656;(1, 6, 5, 7, 4, 2, 3)
8;45879;0.00737071037292480469;(1, 6, 5, 7, 4, 2, 3)
9;56867;0.07423686981201171875;(1, 6, 5, 7, 4, 8, 2, 3)
9;56867;0.06636309623718261719;(1, 6, 5, 7, 4, 8, 2, 3)
9;56867;0.07148170471191406250;(1, 6, 5, 7, 4, 8, 2, 3)
9;56867;0.07445359230041503906;(1, 6, 5, 7, 4, 8, 2, 3)
9;56867;0.06683778762817382812;(1, 6, 5, 7, 4, 8, 2, 3)
9;56867;0.08100843429565429688;(1, 6, 5, 7, 4, 8, 2, 3)
9;56867;0.06817555427551269531;(1, 6, 5, 7, 4, 8, 2, 3)
9;56867;0.06909966468811035156;(1, 6, 5, 7, 4, 8, 2, 3)
9;56867;0.06984210014343261719;(1, 6, 5, 7, 4, 8, 2, 3)
9;56867;0.06758594512939453125;(1, 6, 5, 7, 4, 8, 2, 3)
9;56867;0.07003164291381835938;(1, 6, 5, 7, 4, 8, 2, 3)
9;56867;0.06869530677795410156;(1, 6, 5, 7, 4, 8, 2, 3)
9;56867;0.07410144805908203125;(1, 6, 5, 7, 4, 8, 2, 3)
9;56867;0.06598639488220214844;(1, 6, 5, 7, 4, 8, 2, 3)
9;56867;0.06893730163574218750;(1, 6, 5, 7, 4, 8, 2, 3)
9;56867;0.06943964958190917969;(1, 6, 5, 7, 4, 8, 2, 3)
9;56867;0.07389140129089355469;(1, 6, 5, 7, 4, 8, 2, 3)
9;56867;0.06736850738525390625;(1, 6, 5, 7, 4, 8, 2, 3)
9;56867;0.07728481292724609375;(1, 6, 5, 7, 4, 8, 2, 3)
9;56867;0.06753683090209960938;(1, 6, 5, 7, 4, 8, 2, 3)
10;60934;0.63603806495666503906;(1, 6, 5, 7, 4, 8, 9, 2, 3)
10;60934;0.66616010665893554688;(1, 6, 5, 7, 4, 8, 9, 2, 3)
10;60934;0.67024755477905273438;(1, 6, 5, 7, 4, 8, 9, 2, 3)
10;60934;0.67880702018737792969;(1, 6, 5, 7, 4, 8, 9, 2, 3)
10;60934;0.68336105346679687500;(1, 6, 5, 7, 4, 8, 9, 2, 3)
10;60934;0.66168093681335449219;(1, 6, 5, 7, 4, 8, 9, 2, 3)
10;60934;0.67995095252990722656;(1, 6, 5, 7, 4, 8, 9, 2, 3)
10;60934;0.64424920082092285156;(1, 6, 5, 7, 4, 8, 9, 2, 3)
10;60934;0.63186025619506835938;(1, 6, 5, 7, 4, 8, 9, 2, 3)
10;60934;0.65517067909240722656;(1, 6, 5, 7, 4, 8, 9, 2, 3)
10;60934;0.65886831283569335938;(1, 6, 5, 7, 4, 8, 9, 2, 3)
10;60934;0.63715410232543945312;(1, 6, 5, 7, 4, 8, 9, 2, 3)
10;60934;0.63662457466125488281;(1, 6, 5, 7, 4, 8, 9, 2, 3)
10;60934;0.66559004783630371094;(1, 6, 5, 7, 4, 8, 9, 2, 3)
10;60934;0.67505049705505371094;(1, 6, 5, 7, 4, 8, 9, 2, 3)
10;60934;0.67101645469665527344;(1, 6, 5, 7, 4, 8, 9, 2, 3)
10;60934;0.67677593231201171875;(1, 6, 5, 7, 4, 8, 9, 2, 3)
10;60934;0.64406204223632812500;(1, 6, 5, 7, 4, 8, 9, 2, 3)
10;60934;0.64990830421447753906;(1, 6, 5, 7, 4, 8, 9, 2, 3)
10;60934;0.64326548576354980469;(1, 6, 5, 7, 4, 8, 9, 2, 3)
11;61831;13.16185832023620605469;(1, 6, 5, 7, 4, 8, 9, 10, 2, 3)
11;61831;13.80140256881713867188;(1, 6, 5, 7, 4, 8, 9, 10, 2, 3)
11;61831;14.35252070426940917969;(1, 6, 5, 7, 4, 8, 9, 10, 2, 3)
11;61831;15.27679395675659179688;(1, 6, 5, 7, 4, 8, 9, 10, 2, 3)
11;61831;13.93283438682556152344;(1, 6, 5, 7, 4, 8, 9, 10, 2, 3)
11;61831;13.81877493858337402344;(1, 6, 5, 7, 4, 8, 9, 10, 2, 3)
11;61831;13.79377079010009765625;(1, 6, 5, 7, 4, 8, 9, 10, 2, 3)
11;61831;14.48418426513671875000;(1, 6, 5, 7, 4, 8, 9, 10, 2, 3)
11;61831;13.78597187995910644531;(1, 6, 5, 7, 4, 8, 9, 10, 2, 3)
11;61831;13.86230874061584472656;(1, 6, 5, 7, 4, 8, 9, 10, 2, 3)
11;61831;13.27402997016906738281;(1, 6, 5, 7, 4, 8, 9, 10, 2, 3)
11;61831;14.66396284103393554688;(1, 6, 5, 7, 4, 8, 9, 10, 2, 3)
11;61831;14.07891368865966796875;(1, 6, 5, 7, 4, 8, 9, 10, 2, 3)
11;61831;14.04450154304504394531;(1, 6, 5, 7, 4, 8, 9, 10, 2, 3)
11;61831;13.92661499977111816406;(1, 6, 5, 7, 4, 8, 9, 10, 2, 3)
11;61831;14.58402705192565917969;(1, 6, 5, 7, 4, 8, 9, 10, 2, 3)
11;61831;14.39818835258483886719;(1, 6, 5, 7, 4, 8, 9, 10, 2, 3)
11;61831;14.00900292396545410156;(1, 6, 5, 7, 4, 8, 9, 10, 2, 3)
11;61831;14.38503694534301757812;(1, 6, 5, 7, 4, 8, 9, 10, 2, 3)
11;61831;13.95176219940185546875;(1, 6, 5, 7, 4, 8, 9, 10, 2, 3)
12;61979;171.30760216712951660156;(1, 6, 5, 7, 4, 8, 9, 11, 10, 2, 3)
12;61979;177.75145912170410156250;(1, 6, 5, 7, 4, 8, 9, 11, 10, 2, 3)
12;61979;166.05033063888549804688;(1, 6, 5, 7, 4, 8, 9, 11, 10, 2, 3)
12;61979;164.88650608062744140625;(1, 6, 5, 7, 4, 8, 9, 11, 10, 2, 3)
12;61979;177.14169096946716308594;(1, 6, 5, 7, 4, 8, 9, 11, 10, 2, 3)
12;61979;166.00468206405639648438;(1, 6, 5, 7, 4, 8, 9, 11, 10, 2, 3)
12;61979;163.27046298980712890625;(1, 6, 5, 7, 4, 8, 9, 11, 10, 2, 3)
12;61979;168.92530560493469238281;(1, 6, 5, 7, 4, 8, 9, 11, 10, 2, 3)
12;61979;164.76662611961364746094;(1, 6, 5, 7, 4, 8, 9, 11, 10, 2, 3)
12;61979;164.25126624107360839844;(1, 6, 5, 7, 4, 8, 9, 11, 10, 2, 3)
12;61979;169.31019616127014160156;(1, 6, 5, 7, 4, 8, 9, 11, 10, 2, 3)
13;74869;2110.38952016830444335938;(1, 6, 5, 7, 4, 2, 12, 10, 8, 9, 11, 3)
